135 9
115 11
167 13
178 13
103 14
94 17
90 22
146 23
206 26
82 27
205 29
212 31
73 34
60 43
49 59
88 59
124 61
52 64
139 72
39 81
60 81
39 85
157 85
254 85
91 87
141 87
39 90
257 101
38 105
30 106
130 107
30 108
79 112
167 114
176 114
267 120
267 128
25 130
23 132
26 134
262 136
266 136
30 142
267 149
126 155
267 157
25 162
250 163
266 164
160 165
188 166
149 173
267 182
137 186
22 187
23 193
268 195
257 201
40 204
24 205
268 208
145 213
164 213
182 213
25 217
263 218
25 219
270 219
270 220
142 227
154 227
267 227
271 227
272 227
168 229
266 232
180 242
226 244
269 244
198 246
22 249
271 250
23 252
107 253
23 255
100 255
275 255
111 256
159 257
162 258
203 258
170 259
255 263
215 264
37 265
277 267
22 268
152 269
224 274
29 276
209 276
34 277
139 279
190 280
27 281
280 281
270 284
275 288
159 290
43 295
81 295
263 295
18 296
120 297
271 300
256 302
236 303
23 306
22 308
278 308
45 312
18 318
40 318
209 321
130 322
278 323
275 324
66 327
279 328
25 329
22 331
223 332
121 333
187 338
80 339
110 340
114 343
144 345
31 346
173 346
268 346
106 347
280 353
25 354
120 354
149 354
264 360
91 361
279 364
35 366
239 369
90 372
191 372
259 372
